0,14728.48549831193
1,11968.329639068339
2,13463.03088731831
3,11452.953484549187
4,13436.730735274032
5,9727.04621776333
6,12528.105166385416
7,14895.795796497725
8,19359.57908629719
9,15375.696314446162
10,16846.665986146312
11,13006.099989433307
12,11994.276389251463
13,13495.421608063858
14,17475.384066150524
15,11457.620149553288
16,14782.867071065586
17,8386.540671157185
18,15380.105536669493
19,20148.747794114985
20,10276.537743960973
21,15644.911548030563
22,16353.713369705714
23,15949.460127511993
24,19596.42306934111
25,15905.583539747633
26,15313.97610182641
27,21349.209797579795
28,17214.890891519375
29,19412.194930977654
30,19727.56443111878
31,21744.368344526272
32,24075.66491286736
33,18540.611131309997
34,20586.72472940944
35,19244.574907166883
36,22016.66040745005
37,20703.266864895355
38,20820.974611556623
39,19330.678934141994
40,20508.596705838572
41,18961.503865409642
42,24817.925833683927
43,22526.52273426624
44,20441.21398356883
45,18193.853980533313
46,20676.649627577513
47,16428.732588903047
48,17857.399012533948
49,19685.695216874592
50,17362.59800805105
51,19895.12947970722
52,22246.197034009732
53,20675.390775040258
54,17354.863596809097
55,15318.681544085499
56,20655.66655844124
57,22219.19095898792
58,19783.570490595885
59,17720.808888712898
60,18488.630000622477
61,17597.069415480364
62,18755.720476986375
63,16811.232760149054
64,18033.066598871723
65,18958.061785017606
66,16094.602679051459
67,19047.986479749903
68,17977.512507406063
69,17663.766506538726
70,20035.03939641919
71,14492.118871230166
72,22468.413037928287
73,23283.659773120657
74,22079.570960151963
75,24088.26835727226
76,14572.652564383578
77,17824.044303074945
78,17886.13248610357
79,26446.396867592353
80,22472.449388996698
81,24610.11265034089
82,30097.099448699504
83,23657.21342857508
84,21438.297289685812
85,22824.69045209093
86,20757.661148504354
87,23686.50324922288
88,22063.648364317603
89,21519.294233623426
90,21667.024219248444
91,21956.898317780346
92,21772.296928072814
93,23409.337289823685
94,20756.918779770378
95,18337.660776175093
96,16607.207887933124
97,20248.30511758942
98,20161.467966447584
99,19235.830063131172
100,22893.14579238789
101,23149.125869734213
102,21859.25101881521
103,22016.174791149795
104,20730.30112152733
105,19674.168022029102
106,21723.714370627888
107,22015.83891001949
108,24292.431744914968
109,26710.874440720305
110,32441.593692245428
111,29135.820068792906
112,15027.391707703006
113,36086.4040302583
114,34111.18366125366
115,32660.391501599923
116,40511.23892854387
117,36843.95208048541
118,34117.858623410575
119,40093.25886379322
120,36453.620129472576
121,34360.40187907126
122,33908.44669493707
123,17948.285477092024
124,43170.750889407005
125,32272.4604407195
126,39565.01216935273
127,29298.133653644472
128,15443.4696229049
129,27644.78309289692
130,28499.741706050932
131,30168.726416818332
132,27805.46768113831
133,14581.31976618478
134,29742.107167233247
135,26949.20008071186
136,33252.49500507349
137,26158.716972161084
138,27240.735183988698
139,22684.546438546386
140,28838.08870794298
141,30283.20324533619
142,26002.80850649299
143,16477.387150187045
144,16672.49262404302
145,29387.861206618138
146,26442.23127753893
147,35802.419367567636
148,14841.065788487904
149,16319.559523805976
150,13705.513589486014
151,16278.500690935645
152,17398.773973984178
153,15981.744464900345
154,15507.927887765225
155,19395.4153891718
156,16019.656242189929
157,15409.811363443267
158,14386.580822067335
159,13963.310176828876
160,13632.075241683051
161,13795.777961662505
162,14640.001320480369
163,13837.481808850076
164,11687.797827051952
165,16538.90091390256
166,13143.302616480272
167,10453.423885012511
168,13727.051722615492
169,14271.202484707348
170,15287.502361099701
171,9611.217569004279
172,6471.036670082249
173,7681.354764132295
174,10278.728966335766
175,9556.194943661336
176,8807.242330643814
177,6494.118234821595
178,7373.925941063091
179,8814.37495847186
180,18182.275110812392
181,6104.090347677935
182,9736.338882333599
183,8987.792426241562
184,5763.302369343117
185,10254.13763229642
186,6844.624358643312
187,6330.735941461287
188,5185.443920400459
189,16495.025687555782
190,4028.8427641182207
191,6207.484394426923
192,16259.616115364246
193,13821.386308813002
194,9003.905633076094
195,8060.004064285662
196,7926.513167712372
197,6802.094733309001
198,3619.9846072932705
199,4774.425990294199
200,16377.197717406787
201,14321.650998875033
202,16663.07194918208
203,17164.496123083867
204,9040.775297618471
205,10878.155180316884
206,6815.195574461948
207,15798.962199559435
208,7847.302025207318
209,13541.730441661552
210,5278.220411577728
211,7933.691480586305
212,7699.168822277803
213,10836.452046624385
214,5243.030835343059
215,8024.752706501633
216,15689.66178222699
217,18501.191447622143
218,15789.220033939462
219,13901.79854964884
220,10343.524238393642
221,11854.848530561663
222,7936.437283380888
223,16903.298389239702
224,11337.266575080808
225,11842.821911294945
226,7436.913902048487
227,7316.10716789728
228,9528.661504497752
229,8498.949308822397
230,10746.508545732591
231,10157.50203491794
232,24579.659775053617
233,10367.946074356325
234,10472.648499458097
235,13356.889175118878
236,13498.691837719176
237,10186.220246663783
238,10524.75211076904
239,10056.038254300132
240,9741.716876658145
241,11272.52688533673
242,13655.220776497852
243,31074.13948919857
244,16163.576646516565
245,18523.39827979915
246,27498.45175724523
247,18263.228222152684
248,29581.78428079374
249,24653.68323482573
250,15220.974203813821
251,8673.428828606382
252,9542.794762614649
253,17626.994637631346
254,13619.636043726932
255,10534.950956380926
256,11983.019416335039
257,11335.656123591121
258,9317.52690670034
259,13052.039784568828
260,11990.172154057305
261,16295.209658508189
262,16091.837629066315
263,9947.091632908676
264,13486.437362934463
265,12481.164893664885
266,11928.009912884794
267,12969.515253286809
268,11924.493030373007
269,13372.52976802038
270,12397.740167010576
271,12331.13598812744
272,12331.13598812744
273,13270.923607326113
274,14991.669739910401
275,13565.902220306918
276,14030.746100103483
277,11106.679509751499
278,12263.9108541389
279,12609.679578601383
280,13037.707082092296
281,12111.298269293271
282,13624.57259229431
283,14121.080878840294
284,12726.886084968224
285,11763.890991065186
286,13354.083887733519
287,10638.915274731815
288,13671.291842670646
289,20298.472639332525
290,27396.93562335428
291,23069.280457063112
292,26098.31635332806
293,33612.64954954013
294,31467.17989714397
295,23319.662796916906
296,36427.16406603949
297,21278.36349178292
298,26719.110998943448
299,20735.75960131921
300,25915.194969177246
301,28885.790308029857
302,27638.595942300744
303,27234.740069138352
304,29814.468772902153
305,21985.299390977714
306,27569.436732469592
307,21968.418324816972
308,29204.815348388627
309,25973.247083201073
310,22136.762687517796
311,27176.373237452004
312,16906.9972730414
313,14700.638244269416
314,27096.832164511085
315,22498.214418341406
316,27642.791322408244
317,16702.470254245214
318,16160.847749582957
319,16424.072366302833
320,21359.717845698353
321,20949.683517165482
322,17741.24594459124
323,25849.649381007068
324,17544.961280754767
325,31269.28755656397
326,31003.62644960126
327,30702.868573829997
328,35086.92798497621
329,33095.856809598394
330,25832.195367977954
331,31619.145633334294
332,24917.526430500206
333,30335.31165213557
334,16752.07181080384
335,34576.3222204959
336,34640.12972832145
337,36053.22775020683
338,33706.91450956138
339,33497.82952232845
340,16662.782313695643
341,41419.03842520714
342,33990.93552913144
343,39270.807484567165
344,34724.24838963337
345,31341.401538898703
346,37186.741076837294
347,39051.8215362872
348,39153.289103482384
349,41661.05228675902
350,39460.86063027056
351,30960.773483971134
352,42755.61255758861
353,14598.508724081796
354,38483.308417184744
355,38448.53836097568
356,27959.310130769387
357,21174.96273928415
358,20732.27659178851
359,23425.431054939516
360,22769.98243522318
361,18085.871161967516
362,21851.689473382663
363,16919.974900205154
364,17175.12403124338
365,15945.507991080638
366,17202.429653801024
367,17468.436745677143
368,15353.647714928258
369,18168.64342924254
370,17960.060178598855
371,15991.53835980501
372,17341.239204983693
373,15851.669007574674
374,16818.629240375012
375,17205.410806688946
376,23922.70238652546
377,26222.714971812442
378,25940.82423077803
379,27979.999999979045
380,14546.848987809848
381,25625.59073002264
382,25687.300745540764
383,26905.162590606604
384,25022.589493071195
385,25395.785103826784
386,25712.749287643004
387,25925.439646520186
388,24175.48629011493
389,25712.749287643004
390,27348.271371934563
391,24545.45398597978
392,23301.783894190565
393,23815.75488229189
394,22555.58143830998
395,23579.936606962234
396,16799.874033822678
397,23535.91648340458
398,30610.148562568706
399,20827.370215040166
400,21804.359296250157
401,20900.43685422046
402,21783.185077789705
403,20634.687975940295
404,22324.300464153755
405,18746.493380707223
406,22805.366518902592
407,20039.087008693255
408,21239.990833104588
409,21745.017472105566
410,26536.02778890636
411,21811.6216509887
412,18603.01248280378
413,22775.298785130493
414,23484.03723436501
415,21785.898444391787
416,22788.988095996436
417,15421.121960266959
418,25229.667813172564
419,21534.437499121763
420,22697.107124074362
421,24392.643948031124
422,18698.877924918197
423,22574.672722665127
424,21344.61287574796
425,22600.628162141424
426,21572.932666865177
427,17668.48978526704
428,24967.632453924045
429,20361.430173811037
430,22543.95705643017
431,21502.120540935546
432,22484.733550483827
433,22710.571405743714
434,15205.47230649693
435,18335.14180025179
436,16802.123978492804
437,18905.658199327998
438,16240.837172074243
439,17649.212673645932
440,17896.07160011027
441,18876.162113517057
442,18231.27933698194
443,16336.54009085428
444,19152.957118327264
445,18221.28054382885
446,16418.73393580038
447,16928.55990366731
448,16809.050257873256
449,16921.87109790044
450,20045.626145343296
451,17264.060816314537
452,16103.314758100081
453,19786.760328623466
454,15750.948986299802
455,13143.911836319603
456,16504.55498519074
457,18068.428148712963
458,14848.353250389453
459,12666.259163393173
460,17568.796403783374
461,13156.499113260303
462,15616.539165901486
463,14472.491169491783
464,14999.525141749997
465,12678.269035326317
466,14116.83172607841
467,15461.977905201726
468,16537.034528823104
469,14032.820723970886
470,13586.256611139048
471,17862.838019307237
472,13843.341580593027
473,10332.20845229039
474,11875.777750043198
475,18912.771574225277
476,14217.837305860594
477,14455.892202489078
478,16688.16335076606
479,15664.530142917298
480,19671.772186323535
481,20337.746561838314
482,25251.00159012247
483,26127.98613633262
484,24047.49993441999
485,25930.41159189632
486,21895.83004763862
487,22056.067494528834
488,18921.397699136753
489,18172.09122586716
490,22181.82072874438
491,20020.029194812756
492,19845.16726342449
493,19029.274550525937
494,16098.293796033133
495,18706.741683309898
496,16284.806758173741
497,17436.909567261115
498,18886.276610188186
499,15251.837979217526
500,14389.962553480174
501,15012.756551736966
502,15695.13440662995
503,24107.603505003266
504,9047.232622917742
505,27319.734072846826
506,21940.261395903304
507,20225.459068490658
508,20886.408410576638
509,18914.825950191822
510,21902.572192996275
511,21900.371106127743
512,20658.613772415556
513,16795.542596987914
514,20327.1897674324
515,23286.611044632737
516,18023.343279116787
517,21582.816812566016
518,21663.268585395068
519,20188.55478106672
520,21463.45995850442
521,22092.18859546492
522,21416.457181839272
523,24550.562310657
524,20083.28791505331
525,22100.128165634815
526,19495.688117125537
527,19626.833604066167
528,13251.276015778072
529,17546.587308912538
530,19147.478785580024
531,20039.560798570514
532,17164.639564128127
533,21436.350876098964
534,20876.22054068139
535,19894.362250836566
536,19263.736306401435
537,21079.173951105215
538,16649.785181359388
539,18108.75701454794
540,22576.480761839077
541,24785.633356515784
542,22639.90892203385
543,20636.823139325716
544,12265.121200491209
545,17401.249394380022
546,15790.435283300467
547,16262.748825915158
548,16984.999999903608
549,17335.03433306655
550,18790.970026891213
551,27502.909282006323
552,21815.333366027568
553,14903.223318099044
554,20910.714480373543
555,22880.918155479245
556,22768.757519332226
557,25143.231515895575
558,26848.94066136796
559,13264.940677341074
560,24788.457038846333
561,24523.743471058086
562,22410.460834794678
563,22133.385646826122
564,24615.551225843374
565,14262.690066611394
566,20923.800960500725
567,22913.667602796108
568,24652.969149249606
569,25876.245930892415
570,20708.521293083206
571,21974.037147901952
572,20876.809252049774
573,21933.844872842543
574,22697.574411822483
575,13667.500924853142
576,15565.858277155086
577,19432.76687187329
578,23126.261228429154
579,21200.555738159455
580,22017.7697533858
581,20578.518273174763
582,21633.624840303324
583,21591.519631342962
584,20841.044431493152
585,23237.964269397315
586,21796.929287718143
587,22752.809826500714
588,19292.12607000582
589,22815.851762927137
590,20277.85010230448
591,22741.308418116067
592,23156.887101049535
593,20978.94511538325
594,22086.408278787974
595,22279.262372535188
596,25768.552907837555
597,26149.66243946692
598,26125.723870012444
599,26374.301590239163
600,26844.66364768846
601,25443.032091068104
602,24692.224166800268
603,25901.571980123408
604,26942.42718701018
605,21226.191754818894
606,24889.41770558385
607,24996.14417692367
608,25575.00129863806
609,24850.631003084593
610,23559.61397874821
611,13368.290428043343
612,24809.009541803505
613,24900.894693162292
614,13549.718723300844
615,26168.89524873253
616,25326.3063491988
617,26306.939911722206
618,26398.280126830097
619,26002.241947690956
620,25739.67490917258
621,24548.588198853657
622,23708.6334167351
623,23067.026718607638
624,24575.507293277886
625,24605.815838673618
626,22934.024166384246
627,24314.66457855981
628,27132.40965061169
629,26952.1940394626
630,25946.507214804646
631,25532.309675835073
632,22953.699474410154
633,25946.161369927693
634,25343.01471349597
635,24096.225761169568
636,24695.667156701908
637,23313.288568785414
638,23569.383348574396
639,24637.492168437224
640,14467.037541526835
641,23695.362035009544
642,23663.741065317765
643,16212.932748901192
644,14395.500192427542
645,18581.927580898628
646,16377.689178019762
647,15019.269030203577
648,12484.166856603697
649,12636.434081600979
650,17553.705440423917
651,17577.509773891885
652,12959.642139277887
653,12556.271660898812
654,13430.754510380328
655,14889.437008351088
656,12504.846058690455
657,12610.573978155851
658,14458.944285655394
659,11212.97624037508
660,10716.560025112703
661,11194.191088834777
662,9801.438339918852
663,12589.740346686915
664,10962.511630021036
665,10513.050150791183
666,9689.707370173652
667,8347.443396406248
668,10814.512218372896
669,9060.494522622786
670,9651.486321116798
671,10386.874684469774
672,7229.129413246643
673,10089.342981276568
674,8261.512918573804
675,9580.396750882268
676,9741.093884077854
677,6885.2866102871485
678,11092.421293427236
679,9364.342398851179
680,10144.313860936556
681,11809.70980736753
682,7456.227346373722
683,7580.9010394117795
684,11186.128383975942
685,18446.540126670618
686,11249.606270403136
687,11698.800097801723
688,16631.862061862368
689,11443.278976202011
690,8446.78613772383
691,10784.953399545979
692,8667.500163144432
693,15440.056580258999
694,17670.594572047703
695,15728.344852512702
696,11429.57405679766
697,9135.683286389336
698,17496.298893987667
699,16995.311356448103
700,16579.691780757625
701,18007.935707362834
702,17520.91436593933
703,17225.882184292655
704,15908.931414151564
705,19640.47597011598
706,18973.477696872782
707,17098.364305853378
708,16472.160228105262
709,17574.437373299617
710,16333.210058276076
711,15479.469678442925
712,12667.903774111066
713,13035.957854188513
714,13647.264011955354
715,12902.888630623464
716,11851.456538978033
717,11326.930319261272
718,14723.85043139616
719,10851.41799648013
720,12843.050357998349
721,14048.364995238837
722,12206.268409245647
723,10345.212731495034
724,14482.225723443087
725,14541.678803709801
726,11241.668597122654
727,14062.082410794217
728,12907.090402096044
729,9753.848814013414
730,14609.92956989631
731,13295.969846447464
732,9503.712853503413
733,5297.046074445825
734,19813.4617092805
735,18296.425999244675
736,19564.545738218352
737,19572.03301213961
738,18668.94439057028
739,13679.154643706046
740,17440.576535623986
741,19117.95692313509
742,19767.997573669534
743,18331.78113022726
744,21761.517034816556
745,19628.17032668786
746,19396.581213635858
747,19156.368994566612
748,11215.677606879268
749,13836.465421653353
750,22021.752916887403
751,14480.580637719017
752,15784.190031480975
753,14238.648731132504
754,15459.533771223854
755,14572.653869388625
756,14739.092382799368
757,14517.15033190744
758,16271.586542449892
759,17036.4144428093
760,10104.953855524305
761,12448.112891416065
762,16728.046062774025
763,14939.569805332925
764,19997.108902335633
765,14377.558292714413
766,16173.33276153449
767,18962.2549718963
768,17286.22432715539
769,15372.913420544006
770,13616.235368961468
771,14521.83747708518
772,14600.377330559772
773,16176.308099466842
774,15843.517106919084
775,15482.754459707066
776,15021.074036385398
777,14719.563224929385
778,22584.692214368377
779,21504.052898589056
780,20972.58803132316
781,29156.490382488817
782,24304.563230509404
783,23270.035063719843
784,26913.38109890418
785,25188.27930731792
786,22685.278653366957
787,25517.465551503003
788,25185.277496337425
789,23982.63461229205
790,23155.259287711233
791,23203.585775508545
792,22334.093287707306
793,23837.631898912136
794,20483.660036819987
795,20760.34229135327
796,22937.453153841197
797,22117.741968664806
798,22162.753551214468
799,22585.934684461914
800,21374.083767556585
801,22020.11996006267
802,22626.939396341797
803,15935.824805438519
804,24762.16541893361
805,23403.505889226682
806,22378.93524307711
807,15957.460513992235
808,18118.032538227737
809,18690.828200025484
810,18513.43604876753
811,18405.156750313938
812,18960.79029005347
813,18470.619749686215
814,19819.935182556976
815,19015.45175859565
816,16505.025675915647
817,18590.139531134628
818,18945.193141878583
819,17042.47730257269
820,18925.70235421881
821,17833.92590804398
822,18495.383607375436
823,17872.76545141125
824,17863.215369210113
825,16330.00410193298
826,19822.28189687198
827,12045.947341334075
828,20278.900286763906
829,17388.013847159687
830,12961.184892254882
831,12357.31102379784
832,14122.674463921692
833,13708.660603903234
834,14113.978374580853
835,11616.373685789295
836,12263.222678070422
837,12735.517602984793
838,12826.706768502481
839,10888.20430050185
840,11646.430019624997
841,11168.309212242719
842,12231.097780529875
843,9352.961381103843
844,9466.831747135147
845,11369.90542441234
846,10145.769810517784
847,6144.567066971678
848,4485.468123606406
849,5698.062055332586
850,7079.299436791334
851,6145.579741088208
852,6971.364596945234
853,6030.478836458642
854,7806.611927547958
855,9478.863489191048
856,22648.5058544809
857,8929.352461493574
858,3285.6673355028033
859,4186.987291481346
860,2046.4172319476493
861,14288.107913604937
862,4647.025810852647
863,21711.52447227575
864,13139.61266638292
865,6300.725737520028
866,12884.524468425661
867,8871.960840260144
868,15787.462019845378
869,14299.661641438026
870,13504.42822926119
871,9908.845052609686
872,7080.13386504259
873,8965.077605059836
874,6807.912245785352
875,6035.937847091816
876,8995.776672156528
877,5363.92583974218
878,7378.054265064653
879,6360.927751331124
880,6068.904203556012
881,9440.807418303564
882,6918.68042539712
883,9340.642903464846
884,8535.63506354019
885,8718.295677676331
886,7356.655175499618
887,8186.276628260501
888,8104.580370698124
889,8641.62948322529
890,7844.96105322754
891,8835.706368500367
892,8276.69591407571
893,8846.484370884486
894,7303.132118541747
895,7468.878856021911
896,7592.958511142526
897,7661.6699408739805
898,20421.38965447992
899,9359.408643359318
900,16685.79672429245
901,-924.4538339814171
902,6702.305283553433
903,17043.303795890417
904,14159.352446038276
905,13085.769655992743
906,15187.93437738996
907,16252.629017396364
908,8177.426905146334
909,6866.352958722971
910,8089.23766549537
911,8982.77918597823
912,8207.942614110187
913,7751.029908832628
914,7404.99091831129
915,10503.869687732775
916,9606.995454759803
917,10559.741114622913
918,10759.485325935762
919,10737.06730896607
920,8611.055868680589
921,20991.270267601125
922,9757.280372925568
923,11444.689806323498
924,9651.364107832778
925,12983.748673612718
926,15097.782773310319
927,16277.636631726287
928,11341.510565360542
929,10375.34130218532
930,9221.699319289532
931,9451.882774320897
932,10009.214637991041
933,20332.907127326354
934,16455.918270380702
935,16197.240522563457
936,17783.78242294956
937,16385.860275275074
938,20187.821717570536
939,17467.303807466757
940,18068.9521049466
941,18511.753413707018
942,15194.159845083952
943,16522.739848793484
944,19751.058217222802
945,16522.739848793484
946,16049.021999394987
947,16404.447349116206
948,16197.240522563457
949,14417.971416212618
950,14256.50116681261
951,17191.93084456725
952,14777.116620462388
953,20878.219484690577
954,15579.094405463431
955,15353.837620183825
956,15940.375138996169
957,13686.687796823215
958,12819.04971185932
959,15390.04455707455
960,8978.652341350913
961,12997.178878630977
962,12241.918165983167
963,10853.042061845772
964,12207.498014366254
965,12107.4093518937
966,14165.539782952517
967,11591.69761441229
968,12074.296880758367
969,12209.011698432267
970,13565.292615539394
971,10033.535342007875
972,11816.36388247367
973,13518.989483143203
974,12245.501998187508
975,17727.57742310688
976,12978.336905828211
977,13346.43718814198
978,20405.070260642096
979,21008.972634471953
980,19284.66035300074
981,17635.213799247053
982,16137.275660385843
983,20448.51515512215
984,21148.13192530675
985,14726.923231939785
986,15365.775981098413
987,19702.118741909508
988,19074.484101555776
989,19374.2938203644
990,19570.500756471418
991,17263.789127456956
992,17855.80193011416
993,14307.636398166884
994,17340.193469013553
995,16090.019868304487
996,14879.72048140876
997,20917.452326440252
998,13325.498965456616
999,16475.049596180208
